             3545     1652      503      402      462     1263
              467      397      462      402      462      402
              462      402      462      397      466      397
              466      397      466      399      488      402
              462      397      466      397      467     1263
              462      402      462      398      466      397
              467      397      462      402      462      405
              468      386      472     1260      460     1268
              461     1267      463      397      489      402
              462     1263      471      393      466      398
              462      402      462      402      462      402
              462      397      467      397      467      397
              462      402      462      402      462      397
              467      397      466      397      490      402
              462      402      462      397      466      397
              467      397      462      402      462      402
              462      402      462      397      467      397
              466      398      463      401      461      402
              462      397      494      397      466      397
              462      402      463     1266      462     1262
              466      397      466      398      462      402
              462      397      466      398      466     9908
             3571     1629      505      401      463     1268
              488      398      465      397      463      401
              462      397      466      397      466      397
              466      398      462      402      462      402
              462      402      462      397      466     1263
              462      402      462      402      489      398
              466      397      466      397      462      402
              462      397      467     1263      466     1263
              462     1263      466      397      466      397
              467     1263      462      402      462      397
              466      398      466      397      467      399
              489      401      462      410      453      397
              466      398      466      397      462      403
              461      397      467      397      472     1262
              457      402      462      402      462     1263
              466     1263      462     1268      462      397
              494      397      466      398      462     1267
              462      397      466      397      466     1263
              462     1267      462      397      467      397
              466      397      469      396      461      402
              461      403      461      397      469      395
              494      397      462     1267      462     1263
              466     1263      466     1263      462     1263
              466      397      466     1263      462      402
              462     1263      466     1263      461      402
              462     1263      466     1263      467      397
              462      402      462      400      491      397
              466      397      466      397      467      398
              460      403      461      401      462      397
              467      399      465      397      467      397
              462     1267      462     1263      466     1263
              462      402      462      402      489      397
              466      397      467      397      462      402
              462      402      462      402      462      397
              466     1263      466     1263      462     1263
              466      397      466      397      466      397
              462      402      462      402      489      398
              466      398      465      397      467      397
              463      401      462      401      462      397
              467      397      466      397      466      397
              467      397      462     1267      462      397
              466      397      494     1235      489      402
              462      402      465      394      466     1263
              466      397      462      402      462      403
              461      397      466      398      466      397
              466      398      462      402      462      402
              462      397      494      397      467      397
              462      402      462      402      462      401
              462      417      448      398      465      412
              458     1256      462      402      462      397
              466     1263      467      397      462      405
              458