Using driver default on device /dev/lirc1
Trying device: /dev/lirc1
Using device: /dev/lirc1
  3148348

  3119044-space

     3543     1660      416      434      448     1268
      420      430      448      406      421      429
      421      429      425      430      448      402
      416      462      365      461      416      434
      394      484      365      485      365     1327
      388      461      394      488      361      488
      335      488      420      457      365      489
      395      426      449     1267      392     1328
      388     1359      386      459      367      483
      366     1350      365      484      366      463
      419      457      366      484      365      489
      366      457      448      403      448      402
      453      402      480      370      448      406
      475      375      448      402      421      461
      361      489      366      484      366     1355
      388     1299      389     1327      393      512
      338      489      389      461      366     1322
      475      374      448      406      448     1269
      475     1239      392      490      407      414
      393      484      421      406      388      489
      393      457      366      512      366      434
      393      491      359     1354      361     1327
      420     1295      421     1295      421     1295
      421      434      421     1295      448      402
      475     1244      443     1272      448      402
      420     1295      453     1267      449      408
      414      433      428      431      412      429
      420      429      393      489      389      461
      366      519      363      452      397      429
      420      457      393      434      416      434
      393     1349      393     1327      389     1300
      448      402      393      457      393      461
      393      484      366      484      393      434
      389      489      366      484      393      434
      393     1350      393     1322      366     1322
      393      489      362      492      362      464
      386      490      382      439      393      484
      393      434      430      420      420      461
      361      489      389      461      393      457
      366      489      503      320      420      457
      366      484      366     1354      393      434
      416      429      421     1327      388      461
      366      489      416      434      388     1327
      366      457      421      434      389      461
      394      485      392      457      366      489
      389      434      421      457      398      429
      421      431      419      459      364      461
      394      485      392      440      437      406
      478      372      393     1322      420     1322
      371      484      393      457      366      461
      388     1354      366      484      366      457
      421    24638-pulse  3154547-space

  3120683-space

     3514     1675      442      406      421     1323
      392      429      420      440      415      429
      398      457      421      461      387      461
      366      489      362      488      365      461
      393      485      366      461      388     1355
      365      461      388      489      362      488
      365      489      393      430      420      435
      419      429      421     1300      420     1295
      420     1295      452      402      448      402
      421     1299      416      464      364      484
      365      490      365      489      363      460
      393      489      361      490      365      489
      366      484      393      434      393      484
      393      461      389      434      393      489
      393      434      389      489      366      489
      361      489      394      456      366      489
      393      457      366      489      393      434
      389      489      420      407      471      379
      393      489      393      457      365      489
      366      462      388     1322      421     1299
      420      457      393      436      419      430
      393      488      368      473      379     9990
     3527     1665      421      407      420     1294
      453      402      421      434      416      434
      421      434      416      434      448      406
      416      461      449      378      448      402
      448      407      443      409      392     1326
      389      489      365      492      357      490
      365      461      388      489      393      461
      361      489      366     1350      393     1327
      393     1295      420      434      444      406
      421     1295      420      434      421      429
      448      434      393      430      425      457
      393      434      421      429      421      434
      393      457      393      489      373      477
      393      461      366      484      393     1300
      388      491      366      482      399     1295
      396     1346      396     1292      391      489
      365      486      364      462      392     1352
      364      489      365      489      388     1327
      366     1322      388      494      361      490
      364      461      417      461      367      488
      365      484      393      462      362      461
      392      493      362     1323      393     1327
      415     1328      420     1268      447     1272
      419      430      475     1268      365      461
      388     1355      365     1350      365      461
      416     1327      365     1350      365      461
      394      484      394      433      393      484
      365      493      390      460      361      462
      393      486      369      461      388      489
      361      489      365      484      393      434
      422     1299      448     1268      388     1328
      420      435      418      466      388      441
      414      426      393      489      387      434
      423      459      365      484      366      469
      386     1349      393     1295      420     1323
      393      434      393      484      366      489
      393      461      366      484      393      461
      389      461      393      464      386      461
      338      516      393      457      420      406
      448      379      416      461      393      489
      393      429      393     1354      388      461
      393      434      393     1324      421      432
      416      461      392      435      388     1330
      417      457      393      434      393      489
      388      462      421      406      422      432
      416      434      416      438      416      462
      393      433      389      461      421      434
      416      434      448      407      444      406
      476      379      421      429      393      489
      394     1322      393      434      416      461
      393     1322      366      489      393      429
      421    32040-pulse