             3543     1642      419      434      420     1296
              419      434      421      430      419      434
              421      434      420      430      447      401
              421      434      449      406      393      457
              448      408      474      374      448     1273
              442      406      421      430      461      396
              390      489      360      489      366      490
              365      460      388     1356      359     1327
              394     1321      447      435      364      485
              392     1296      424      428      448      407
              476      378      443      406      393      484
              366      460      390      487      370      458
              419      462      360      489      367      488
              365      484      365      485      394      461
              365      489      365      489      361      516
              338      488      361      490      365      496
              364      480      366      494      387      458
              372      461      414      458      369      486
              362      490      360      489      392      434
              444      438      389     1280      467     1267
              449      401      393      461      420      457
              393      434      393      484      366     9971
             3554     1642      393      461      415     1296
              396      484      393      434      420      457
              393      461      366      484      366      489
              393      462      389      461      393      457
              370      484      421      406      421     1294
              421      434      443      407      393      489
              361      462      393      461      396      488
              361      461      419     1303      386     1349
              366     1354      361      489      366      488
              421     1294      394      457      366      489
              395      455      370      457      393      490
              360      489      393      462      366      485
              365      489      366      491      360      460
              393      462      416      435      419     1294
              394      489      392      461      388     1300
              388     1328      419     1295      395      461
              420      429      394      462      419     1301
              442      403      392      461      393     1351
              365     1349      367      460      400      455
              388      490      365      461      388      461
              394      490      360      489      366      461
              422      456      393     1300      415     1354
              344     1344      365     1328      388     1327
              415      461      366     1323      420      461
              366     1351      365     1329      413      472
              357     1347      366     1349      393      434
              421      434      417      461      393      434
              444      406      448      402      421      461
              366      462      393      485      365      461
              393      484      366      461      421      457
              393     1299      416     1300      388     1327
              420      461      361      489      393      461
              366      484      421      407      416      434
              393      462      393      457      421      434
              420     1296      421     1298      457     1254
              430      423      393      461      393      458
              420      461      394      434      390      461
              393      485      393      461      393      457
              393      434      393      461      389      489
              366      461      443      406      393      489
              361      462      393     1322      421      434
              421      434      389     1327      448      402
              393      489      389      434      393     1327
              416      434      421      460      363      489
              365      465      384      462      455      405
              411      460      393      461      389      434
              393      461      444      407      393      461
              416      434      421      434      421      457
              393      434      389      466      416      434
              421     1295      420      434      389      461
              421     1324      392      434      393      461
              416