Using driver default on device /dev/lirc1
Trying device: /dev/lirc1
Using device: /dev/lirc1
 10340001

 10316906-space

     1849      246     1318     1789      370      544
      320     1382      343      549      155      759
      292      466      155      722      356      626
      155      599      379      485      370      489
      375      517      375      457      407      489
      343     1359      379      452      425      466
      375      489      371      521      343     1440
      290      489      370     1359      370     1384
      319     1382      369      599      320      517
      237     1437      343      626      265      516
      347      462      183      842      265      467
      315      631      288      489      370      549
      315      494      398     1415      342      461
      343      466      453      466      370      534
      329      489      370      521      370     1355
      320      599      265      764      210      407
      398      496      340      494      343      554
      391      493      313      438      424      521
      238      622      402      571      265     1382
      371     1359      343      571      293      489
      210      814      210      493      370      489
      375    10106

     1643      306     1419     1795      355      691
      217     1472      224      577      121      657
      155      832      192      649      320      466
      343      521      343      466      453      434
      320      590      329      626      237      544
      315     1387      302      585      320      489
      347      599      233      631      370      434
      347      517      402      673      214     1327
      375     1437      265     1354      238      677
      320      737      187     1322      347      516
      370      494      350      514      443      445
      318      520      342      600      320      488
      370      466      426      607      146      571
      315      521      375      571      183      681
      288      521      343      493      366      521
      375     1345      352     1519      210     1400
      329      489      425      439      398      523
      342     1409      315      521      370      466
      370     1355      375     1409      320      461
      370      521      398      516      320      650
      244      486      375      489      320      590
      323      462      402      549      314     1456
      296     1432      297     1327      375     1327
      343     1414      347      622      265     1464
      260      594      269     1409      292     1383
      369      512      219     1547      178     1464
      375      571      315      548      315      494
      370      727      164      603      343      380
      159      870      237      518      342      497
      394     1436      287      521      343      494
      342     1386      315     1373      387     1350
      402      516      315      516      375      645
      215      466      430      489      343      548
      316      466      425      548      315      439
      425     1382      314     1537      251     1340
      329      516      375      544      315      439
      398      466      398      544      347      599
      292      499      337      575      317      485
      374      460      380      489      397      461
      375      489      425      457      357      516
      370      431      516     1244      430      469
      335      493      398     1331      425      507
      274      727      192      489      402     1322
      375      709      215      461      315      572
      342      521      315      493      370      558
      118      654      398      544      315      494
      320      544      348      571      128      777
      302      521      288      562      357      517
      379     2129      429     1355      401      489
      315      521      370      658      150     1496
      288      548      256      539       91    18800-pulse  1268753-space

  1245685-space

     3314     2056      237      544      343     1496
      210      612      219      604      288      626
      182      782      160      658       72      700
      269     1359      398      516      347     1359
       73     1675      320      489      375      571
      315      631      292      461      343      523
      370      520      205      654      347     1382
      328     1436       72     1617      209      626
      292     2330      398      461      320      517
      375      516      370      494       73      791
      178      654      375      489      297      622
      210      736      178      576      297      591
      154      741      315      589      247      516
      370      521      370      654      155      599
      288      466      398      521      183      654
      370      764       72      489      348      571
      182     1577      258      515      243      703
      237      626      315      603      182      814
      155     1359      370     1432      293      521
      370      603      233      544      347      516
      265      653      210    10208

      407      333      260      466       73      384
      530      599      265     1818      154      705
      265     1413      398      461      398      548
      315      521      238      809      160     2304
      290      507      443      430      288      548
      183      841      183     2274      237      764
      210      489      398     1409      265     1492
      287     1359      370     1492      210     1382
      315      549      370      489      375     1601
      123      521       73      901      259     1410
      292      526      284      625      315      736
      155      457      379      571      237      599
      320      516      320      516      183      767
      284     1483      246      516      302      649
      151     1514      320     1386      288     1510
      274      516      370      654      155      791
      155     1437      265      572      288      603
      260     1409      320     2219      370      466
      266      681      343      517      318      574
      238      569      374      492      317      599
      182      896       73     1409      375     1327
      370     1547      183     1537      214     1331
      260      791      183     1492       73      654
      237     1460      431     1404      297      544
      320     1602      123     1359      370     1436
      238      699      242      603      260     1465
      264      654      155      627      287     1359
      370      438      398      576      311     2284
      123     1547      370     1492      233     1469
      210      654      164      727      205      626
      269      484      402      709      123      604
      265      645       91     3291      292     1464
      343      493      343      764      155      406
      347      590      297      494      237     1685
      155      649      265     1331      155      814
      183      759      210      732       72      631
      320      489      292      700      246     1382
      320      544      343      466      183     1707
      264      461      315      567      352     2357
      260      640      196      548      210     1734
       73      516      375      489      237     1675
      187     1441      155     1597      292      516
      344      657      216      538      155      649
      375      521      343      644      219     1382
      343      512      352      521      288     1464
      315      658      205      677      187    18482-pulse